00 0000000000000000000000000000000000000000000000000000000000000000 1111111111111111111111111111111111111111111111111111111111111111
11 0000000000000000000000000000000000000000000000000000000000000000 1111111111111111111111111111111111111111111111111111111111111111
00 0000000000000000000000000000000000000000000000000000000000000000 1111111111111111111111111111111111111111111111111111111111111111
01 0000000000000000000000000000000000000000000000000000000000000000 1111111111111111111111111111111111111111111111111111111111111111
00 0000000000000001000000000000000000000000000000000000000000000000 1111111111111111111111111111111111111111111111111111111111111111
01 0000000000000001000000000000000000000000000000000000000000000000 1111111111111111111111111111111111111111111111111111111111111111
00 0000000000000001000000000000000000000000000000000000000000000000 1111111111111111111111111111111111111111111111111111111111111111
01 0000000000000001000000000000000000000000000000000000000000000000 1111111111111111111111111111111111111111111111111111111111111111
00 0000000000000001000000000000011100000000000000000000000000000000 1111111111111111111111111111111111111111111111111111111111111111
01 0000000000000001000000000000011100000000000000000000000000000000 1111111111111111111111111111111111111111111111111111111111111111
01 0000000000000001000000000000011100000000000000000000000000000000 1111111111111111111111111111111111111111111111111111111111111111
00 0000000000000010000000000000011100000000000000000000000000000000 1111111111111111111111111111111111111111111111111111111111111111
01 0000000000000010000000000000011100000000000000000000000000000000 1111111111111111111111111111111111111111111111111111111111111111
00 0000000000000010000000000000011100000000000000000000000000000000 1111111111111111111111111111111111111111111111111111111111111111
01 0000000000000010000000000000011100000000000000000000000000000000 1111111111111111111111111111111111111111111111111111111111111111
00 0000000000000010000000000000011100000000000001010000000000000000 1111111111111111111111111111111111111111111111111111111111111111
01 0000000000000010000000000000011100000000000001010000000000000000 1111111111111111111111111111111111111111111111111111111111111111
01 0000000000000010000000000000011100000000000001010000000000000000 1111111111111111111111111111111111111111111111111111111111111111
00 0000000000000011000000000000011100000000000001010000000000000000 1111111111111111111111111111111111111111111111111111111111111111
01 0000000000000011000000000000011100000000000001010000000000000000 1111111111111111111111111111111111111111111111111111111111111111
00 0000000000000011000000000000011100000000000001010000000000000000 1111111111111111111111111111111111111111111111111111111111111111
01 0000000000000011000000000000011100000000000001010000000000000000 1111111111111111111111111111111111111111111111111111111111111111
00 0000000000000011000000000000011100000000000001010000000000000000 1111111111111111111111111111111111111111111111111111111111111111
01 0000000000000011000000000000011100000000000001010000000000000000 1111111111111111111111111111111111111111111111111111111111111111
00 0000000000000011000000000000011100000000000001010000000000001100 1111111111111111111111111111111111111111111111111111111111111111
01 0000000000000011000000000000011100000000000001010000000000001100 1111111111111111111111111111111111111111111111111111111111111111
01 0000000000000011000000000000011100000000000001010000000000001100 1111111111111111111111111111111111111111111111111111111111111111
00 0000000000000100000000000000011100000000000001010000000000001100 1111111111111111111111111111111111111111111111111111111111111111
01 0000000000000100000000000000011100000000000001010000000000001100 1111111111111111111111111111111111111111111111111111111111111111
00 0000000000000100000000000000011100000000000001010000000000001100 1111111111111111111111111111111111111111111111111111111111111111
01 0000000000000100000000000000011100000000000001010000000000001100 1111111111111111111111111111111111111111111111111111111111111111
00 0000000000000100000000000000011100000000000001010000000000001100 1111111111111111111111111111111111111111111111111111111111111111
01 0000000000000100000000000000011100000000000001010000000000001100 1111111111111111111111111111111111111111111111111111111111111111
00 0000000000000100000000000000011100000000000001010000000000000010 1111111111111111111111111111111111111111111111111111111111111111
01 0000000000000100000000000000011100000000000001010000000000000010 1111111111111111111111111111111111111111111111111111111111111111
01 0000000000000100000000000000011100000000000001010000000000000010 1111111111111111111111111111111111111111111111111111111111111111
00 0000000000000101000000000000011100000000000001010000000000000010 1111111111111111111111111111111111111111111111111111111111111111
01 0000000000000101000000000000011100000000000001010000000000000010 1111111111111111111111111111111111111111111111111111111111111111
00 0000000000000101000000000000011100000000000001010000000000000010 1111111111111111111111111111111111111111111111111111111111111111
01 0000000000000101000000000000011100000000000001010000000000000010 1111111111111111111111111111111111111111111111111111111111111111
00 0000000000000101000000000000011100000000000001010000000000000010 1111111111111111111111111111111111111111111111111111111111111111
01 0000000000000101000000000000011100000000000001010000000000000010 1111111111111111111111111111111111111111111111111111111111111111
00 0000000000000101000000000000011100000000000001010000000000100011 1111111111111111111111111111111111111111111111111111111111111111
01 0000000000000101000000000000011100000000000001010000000000100011 1111111111111111111111111111111111111111111111111111111111111111
01 0000000000000101000000000000011100000000000001010000000000100011 1111111111111111111111111111111111111111111111111111111111111111
00 0000000000000110000000000000011100000000000001010000000000100011 1111111111111111111111111111111111111111111111111111111111111111
01 0000000000000110000000000000011100000000000001010000000000100011 1111111111111111111111111111111111111111111111111111111111111111
00 0000000000000110000000000000011100000000000001010000000000100011 1111111111111111111111111111111111111111111111111111111111111111
01 0000000000000110000000000000011100000000000001010000000000100011 1111111111111111111111111111111111111111111111111111111111111111
00 0000000000000110000000000000011100000000000001010000000000100011 1111111111111111111111111111111111111111111111111111111111111111
01 0000000000000110000000000000011100000000000001010000000000100011 1111111111111111111111111111111111111111111111111111111111111111
00 0000000000000110000000000000011100000000000001010000000000001010 1111111111111111111111111111111111111111111111111111111111111111
01 0000000000000110000000000000011100000000000001010000000000001010 1111111111111111111111111111111111111111111111111111111111111111
01 0000000000000110000000000000011100000000000001010000000000001010 1111111111111111111111111111111111111111111111111111111111111111
00 0000000000000111000000000000011100000000000001010000000000001010 1111111111111111111111111111111111111111111111111111111111111111
01 0000000000000111000000000000011100000000000001010000000000001010 1111111111111111111111111111111111111111111111111111111111111111
00 0000000000000111000000000000011100000000000001010000000000001010 1111111111111111111111111111111111111111111111111111111111111111
01 0000000000000111000000000000011100000000000001010000000000001010 1111111111111111111111111111111111111111111111111111111111111111
00 0000000000000111000000000000011100000000000001010000000000001010 1111111111111111111111111111111111111111111111111111111111111111
01 0000000000000111000000000000011100000000000001010000000000001010 0111111111111111111111111111111111111111111111111111111111111111
00 0000000000000111000000000000011100000000000001010000000000000101 1111111111111111111111111111111111111111111111111111111111111111
01 0000000000000111000000000000011100000000000001010000000000000101 1111111111111111111111111111111111111111111111111111111111111111
01 0000000000000111000000000000011100000000000001010000000000000101 1111111111111111111111111111111111111111111111111111111111111111
00 0000000000001000000000000000011100000000000001010000000000000101 1111111111111111111111111111111111111111111111111111111111111111 
01 0000000000001000000000000000011100000000000001010000000000000101 1111111111111111111111111111111111111111111111111111111111111111
00 0000000000001000000000000000011100000000000001010000000000000101 1111111111111111111111111111111111111111111111111111111111111111
01 0000000000001000000000000000011100000000000001010000000000000101 1111111111111111111111111111111111111111111111111111111111111111
00 0000000000001000000000000000011100000000000001010000000000000101 1111111111111111111111111111111111111111111111111111111111111111
01 0000000000001000000000000000011100000000000001010000000000000101 1111111111111111111111111111111111111111111111111111111111111111
00 0000000000001000000000000000011100000000000001010000000000000111 1111111111111111111111111111111111111111111111111111111111111111
01 0000000000001000000000000000011100000000000001010000000000000111 1111111111111111111111111111111111111111111111111111111111111111
01 0000000000001000000000000000011100000000000001010000000000000111 1111111111111111111111111111111111111111111111111111111111111111
00 0000000000001001000000000000011100000000000001010000000000000111 1111111111111111111111111111111111111111111111111111111111111111
01 0000000000001001000000000000011100000000000001010000000000000111 1111111111111111111111111111111111111111111111111111111111111111
00 0000000000001001000000000000011100000000000001010000000000000111 1111111111111111111111111111111111111111111111111111111111111111
01 0000000000001001000000000000011100000000000001010000000000000111 1111111111111111111111111111111111111111111111111111111111111111
00 0000000000001001000000000000011100000000000001010000000000000111 1111111111111111111111111111111111111111111111111111111111111111
01 0000000000001001000000000000011100000000000001010000000000000111 1111111111111111111111111111111111111111111111111111111111111111
00 0000000000001001000000000000011100000000000001011111111111111111 1111111111111111111111111111111111111111111111111111111111111111
01 0000000000001001000000000000011100000000000001011111111111111111 1111111111111111111111111111111111111111111111111111111111111111
01 0000000000001001000000000000011100000000000001011111111111111111 1111111111111111111111111111111111111111111111111111111111111111
00 0000000000001010000000000000011100000000000001011111111111111111 1111111111111111111111111111111111111111111111111111111111111111
01 0000000000001010000000000000011100000000000001011111111111111111 1111111111111111111111111111111111111111111111111111111111111111
00 0000000000001010000000000000011100000000000001011111111111111111 1111111111111111111111111111111111111111111111111111111111111111
01 0000000000001010000000000000011100000000000001011111111111111111 1111111111111111111111111111111111111111111111111111111111111111
00 0000000000001010000000000000011100000000000001010000011000000000 1111111111111111111111111111111111111111111111111111111111111111
01 0000000000001010000000000000011100000000000001010000011000000000 1111111111111111111111111111111111111111111111111111111111111111
01 0000000000001010000000000000011100000000000001010000011000000000 1111111111111111111111111111111111111111111111111111111111111111
00 0000000000001011000000000000011100000000000001010000011000000000 1111111111111111111111111111111111111111111111111111111111111111
01 0000000000001011000000000000011100000000000001010000011000000000 1111111111111111111111111111111111111111111111111111111111111111
00 0000000000001011000000000000011100000000000001010000011000000000 1111111111111111111111111111111111111111111111111111111111111111
01 0000000000001011000000000000011100000000000001010000011000000000 1111111111111111111111111111111111111111111111111111111111111111
00 0000000000001011000000000000011100000000000001010000011000000000 1111111111111111111111111111111111111111111111111111111111111111
01 0000000000001011000000000000011100000000000001010000011000000000 1111111111111111111111111111111111111111111111111111111111111111
00 0000000000001011000000000000011100000000000001010000011000000000 1111111111111111111111111111111111111111111111111111111111111111
01 0000000000001011000000000000011100000000000001010000011000000000 1111111111111111111111111111111111111111111111111111111111111111
01 0000000000001011000000000000011100000000000001010000011000000000 1111111111111111111111111111111111111111111111111111111111111111
00 0000000000001100000000000000011100000000000001010000011000000000 1111111111111111111111111111111111111111111111111111111111111111
01 0000000000001100000000000000011100000000000001010000011000000000 1111111111111111111111111111111111111111111111111111111111111111
00 0000000000001100000000000000011100000000000001010000011000000000 1111111111111111111111111111111111111111111111111111111111111111
01 0000000000001100000000000000011100000000000001010000011000000000 1111111111111111111111111111111111111111111111111111111111111111
00 0000000000001100000000000000011100000000000001010000011000000000 1111111111111111111111111111111111111111111111111111111111111111
01 0000000000001100000000000000011100000000000001010000011000000000 1111111111111111111111111111111111111111111111111111111111111111
00 0000000000001100000000000000011100000000000001010000011000000000 1111111111111111111111111111111111111111111111111111111111111111
01 0000000000001100000000000000011100000000000001010000011000000000 1111111111111111111111111111111111111111111111111111111111111111
00 0000000000001100000000000000011100000000000001110000011000000000 1111111111111111111111111111111111111111111111111111111111111111
01 0000000000001100000000000000011100000000000001110000011000000000 1111111111111111111111111111111111111111111111111111111111111111
01 0000000000001100000000000000011100000000000001110000011000000000 1111111111111111111111111111111111111111111111111111111111111111
00 0000000000001101000000000000011100000000000001110000011000000000 1111111111111111111111111111111111111111111111111111111111111111
01 0000000000001101000000000000011100000000000001110000011000000000 1111111111111111111111111111111111111111111111111111111111111111
00 0000000000001101000000000000011100000000000001110000011000000000 1111111111111111111111111111111111111111111111111111111111111111
01 0000000000001101000000000000011100000000000001110000011000000000 1111111111111111111111111111111111111111111111111111111111111111
00 0000000000001101000000000000011100000000000001110000011000000000 1111111111111111111111111111111111111111111111111111111111111111
01 0000000000001101000000000000011100000000000001110000011000000000 1111111111111111111111111111111111111111111111111111111111111111
00 0000000000010101000000000000011100000000000001110000011000000000 1111111111111111111111111111111111111111111111111111111111111111
01 0000000000010101000000000000011100000000000001110000011000000000 1111111111111111111111111111111111111111111111111111111111111111
01 0000000000010101000000000000011100000000000001110000011000000000 1111111111111111111111111111111111111111111111111111111111111111
00 0000000000010110000000000000011100000000000001110000011000000000 1111111111111111111111111111111111111111111111111111111111111111
01 0000000000010110000000000000011100000000000001110000011000000000 1111111111111111111111111111111111111111111111111111111111111111
00 0000000000010110000000000000011100000000000001110000011000000000 1111111111111111111111111111111111111111111111111111111111111111
01 0000000000010110000000000000011100000000000001110000011000000000 1111111111111111111111111111111111111111111111111111111111111111
00 0000000000010110000000000001011000000000000001110000011000000000 1111111111111111111111111111111111111111111111111111111111111111
01 0000000000010110000000000001011000000000000001110000011000000000 1111111111111111111111111111111111111111111111111111111111111111
00 0000000000011100000000000001011000000000000001110000011000000000 1111111111111111111111111111111111111111111111111111111111111111
01 0000000000011100000000000001011000000000000001110000011000000000 1111111111111111111111111111111111111111111111111111111111111111
01 0000000000011100000000000001011000000000000001110000011000000000 1111111111111111111111111111111111111111111111111111111111111111
00 0000000000011101000000000001011000000000000001110000011000000000 1111111111111111111111111111111111111111111111111111111111111111
01 0000000000011101000000000001011000000000000001110000011000000000 1111111111111111111111111111111111111111111111111111111111111111
00 0000000000011101000000000001011000000000000001110000011000000000 1111111111111111111111111111111111111111111111111111111111111111
01 0000000000011101000000000001011000000000000001110000011000000000 1111111111111111111111111111111111111111111111111111111111111111
00 0000000000011101000000000001011000000000000111010000011000000000 1111111111111111111111111111111111111111111111111111111111111111
01 0000000000011101000000000001011000000000000111010000011000000000 1111111111111111111111111111111111111111111111111111111111111111
00 0000000000010110000000000001011000000000000111010000011000000000 1111111111111111111111111111111111111111111111111111111111111111
01 0000000000010110000000000001011000000000000111010000011000000000 1111111111111111111111111111111111111111111111111111111111111111
01 0000000000010110000000000001011000000000000111010000011000000000 1111111111111111111111111111111111111111111111111111111111111111
00 0000000000010111000000000001011000000000000111010000011000000000 1111111111111111111111111111111111111111111111111111111111111111
01 0000000000010111000000000001011000000000000111010000011000000000 1111111111111111111111111111111111111111111111111111111111111111
00 0000000000010111000000000001011000000000000111010000011000000000 1111111111111111111111111111111111111111111111111111111111111111
01 0000000000010111000000000001011000000000000111010000011000000000 1111111111111111111111111111111111111111111111111111111111111111
00 0000000000010111000000000001011000000000000111010000000000001111 1111111111111111111111111111111111111111111111111111111111111111
01 0000000000010111000000000001011000000000000111010000000000001111 1111111111111111111111111111111111111111111111111111111111111111